## //four sample, xseconly --> get worse
============> Sample SIG <============
       sig    0   171.616   32.2048%
      ccqe    1   49.9758   9.37827%
     cc1pi    2   229.481   43.0636%
   ccother    3   37.2906   6.99782%
        nc    4   10.5537   1.98046%
   numubar    5   32.4038   6.08077%
       nue    6   1.14854   0.21553%
    ingrid    7  0.244283 0.0458413%
      wall    8  0.174892 0.0328197%

## //three sample, xsec only
============> Sample SIG <============
       sig    0   166.182   31.1927%
      ccqe    1   50.1272   9.40899%
     cc1pi    2   232.878   43.7117%
   ccother    3   39.0465   7.32911%
        nc    4   10.5537   1.98095%
   numubar    5   32.4038   6.08225%
       nue    6   1.14854  0.215583%
    ingrid    7  0.244283 0.0458525%
      wall    8  0.174892 0.0328277%

## //2sample, xseconly
 FCN=1.64207 FROM MIGRAD    STATUS=CONVERGED     298 CALLS         299 TOTAL
                     EDM=1.2082e-10    STRATEGY= 1      ERROR MATRIX ACCURATE 
  EXT PARAMETER                                   STEP         FIRST   
  NO.   NAME      VALUE            ERROR          SIZE      DERIVATIVE 
   1  par_scale0   5.43123e-01   1.00656e-01   2.39936e-05  -1.03889e-05
   2  par_xsec0MECNorm  -1.31693e-01   9.95120e-01   1.33703e-04  -1.09378e-05
   3  par_xsec1MACCQE  -8.14434e-01   7.18689e-01   6.62819e-05   1.57249e-04
   4  par_xsec2CA5RES  -3.89352e-01   9.39530e-01   8.83993e-05   5.90982e-05
   5  par_xsec3MaNFFRES  -6.30343e-01   8.50931e-01   7.12558e-05
1.01157e-04
   6  par_xsec4BgSclRES  -4.79741e-01   9.02928e-01   8.21736e-05
6.71029e-05
   7  par_xsec5dismpishp  -1.66621e-01   9.84525e-01   1.38618e-04
1.03222e-05
 EXTERNAL ERROR MATRIX.    NDIM=  25    NPAR=  7    ERR DEF=1
  1.014e-02 -2.648e-02  2.889e-02 -3.445e-02 -1.452e-02 -2.364e-02 -8.719e-03 
 -2.648e-02  1.004e+00 -8.316e-02 -2.497e-02 -4.143e-02 -3.019e-02 -1.252e-02 
  2.889e-02 -8.316e-02  5.202e-01 -1.599e-01 -2.651e-01 -1.933e-01 -8.265e-02 
 -3.445e-02 -2.497e-02 -1.599e-01  8.934e-01 -1.758e-01 -1.283e-01 -3.822e-02 
 -1.452e-02 -4.143e-02 -2.651e-01 -1.758e-01  7.313e-01 -2.116e-01 -6.351e-02 
 -2.364e-02 -3.019e-02 -1.933e-01 -1.283e-01 -2.116e-01  8.244e-01 -4.632e-02 
 -8.719e-03 -1.252e-02 -8.265e-02 -3.822e-02 -6.351e-02 -4.632e-02  9.821e-01 
 PARAMETER  CORRELATION COEFFICIENTS  
       NO.  GLOBAL      1      2      3      4      5      6      7
        1  0.73279   1.000 -0.263  0.398 -0.362 -0.169 -0.259 -0.087
        2  0.54184  -0.263  1.000 -0.115 -0.026 -0.048 -0.033 -0.013
        3  0.82080   0.398 -0.115  1.000 -0.235 -0.430 -0.295 -0.116
        4  0.80930  -0.362 -0.026 -0.235  1.000 -0.218 -0.149 -0.041
        5  0.85372  -0.169 -0.048 -0.430 -0.218  1.000 -0.273 -0.075
        6  0.82336  -0.259 -0.033 -0.295 -0.149 -0.273  1.000 -0.051
        7  0.47367  -0.087 -0.013 -0.116 -0.041 -0.075 -0.051  1.000
Sample size 114152 vs 114152
============> Sample SIG <============
       sig    0   179.338   33.6507%
      ccqe    1   66.1931   12.4203%
     cc1pi    2     203.7   38.2218%
   ccother    3   39.1849   7.35258%
        nc    4   10.5537   1.98027%
   numubar    5   32.4038   6.08017%
       nue    6   1.14854  0.215509%
    ingrid    7  0.244283 0.0458368%
      wall    8  0.174892 0.0328165%
Sample size 141313 vs 141313
============> Sample CRI <============
       sig    0   42.5589   5.46075%
      ccqe    1    275.39   35.3353%
     cc1pi    2   331.358   42.5166%
   ccother    3   76.5603   9.82347%
        nc    4   16.9579   2.17587%
   numubar    5   25.5204   3.27453%
       nue    6   1.19628  0.153495%
    ingrid    7   5.29372  0.679239%
      wall    8   4.52557  0.580677%

//nominal
============> Sample SIG <============
       sig    0   330.198    45.569%
      ccqe    1   74.1148   10.2282%
     cc1pi    2   235.969   32.5649%
   ccother    3   39.8043    5.4932%
        nc    4   10.5537   1.45646%
   numubar    5   32.4038   4.47188%
       nue    6   1.14854  0.158504%
    ingrid    7  0.244283 0.0337123%
      wall    8  0.174892  0.024136%
Sample size 141313 vs 141313
============> Sample CRI <============
       sig    0   78.3596   8.31694%
      ccqe    1   330.714   35.1013%
     cc1pi    2   401.208   42.5834%
   ccother    3   78.3939   8.32057%
        nc    4   16.9579   1.79988%
   numubar    5   25.5204   2.70869%
       nue    6   1.19628  0.126971%
    ingrid    7   5.29372  0.561865%
      wall    8   4.52557  0.480335%
